4	4303	false	closed	false	4		2015-12-30T23:43:18Z	2017-06-14T21:11:19Z	2017-06-14T21:11:19Z	Missing vcvarsall.bat.	82		
6	301053	false	open	false	8		2016-01-13T21:57:43Z	2017-06-14T21:12:56Z		Slow TCP	141		
8	1226256	false	open	false	7		2016-01-19T18:56:31Z	2017-06-14T21:14:53Z		CPU Profiling	52		
10	1063454	false	closed	false	18		2016-01-21T08:10:03Z	2017-06-02T18:21:22Z	2016-02-29T06:20:18Z	"--v8-option gives ""bad option"""	65		
21	12488060	false	closed	false	1		2016-02-12T22:52:26Z	2017-03-15T20:56:07Z	2017-03-15T20:56:07Z	Port gyp changes to upstream	22		
22	12488060	false	closed	false	6		2016-02-12T22:56:12Z	2017-06-14T21:20:40Z	2017-06-14T21:20:40Z	OpenSSL: Consider asm build on ARM	15		
23	1158954	false	closed	false	2		2016-02-13T00:51:33Z	2017-06-14T21:21:45Z	2017-06-14T21:21:45Z	Link to correct JSRT documentation	29		
24	15118702	false	closed	false	2		2016-02-14T23:15:42Z	2017-07-06T14:46:35Z	2017-07-06T14:46:35Z	building with Microsoft Visual C++ Build Tools 2015 Technical Preview	213		
28	12488060	false	closed	false	2		2016-02-19T01:45:18Z	2017-06-14T21:23:26Z	2017-06-14T21:23:26Z	Update contribution guidelines for javascript and C++ files	34		
31	134460	false	closed	false	0		2016-02-26T05:14:30Z	2017-06-14T21:24:09Z	2017-06-14T21:24:09Z	Managing this repository with Git towards the PR at the end	260		
61	2838177	false	closed	false	5		2016-04-20T21:05:48Z	2017-06-15T00:53:06Z	2017-06-15T00:53:06Z	console.log	24		
65	12057627	false	open	false	3		2016-04-26T22:12:07Z	2017-06-14T21:26:40Z		Reported by Thali project - Leveldown does not work with Node-ChakraCore. 	70		
70	12488060	false	closed	false	0		2016-05-10T18:37:21Z	2016-06-28T23:58:19Z	2016-06-28T23:58:19Z	Add missing stack trace properties on chakrashim	181		
75	12488060	false	closed	false	0		2016-06-11T00:26:06Z	2016-06-28T23:58:19Z	2016-06-28T23:58:19Z	Fix captureStackTrace behavior when passed o.p	216		
78	1898413	false	closed	false	3		2016-06-12T21:39:02Z	2016-06-28T23:58:19Z	2016-06-28T23:58:19Z	parseStack fails for certain Error messages	214		
83	11861955	true	closed	false	9		2016-06-22T02:14:11Z	2016-07-18T09:03:18Z	2016-07-13T23:01:27Z	chakrashim: build on Linux	31		
84	7874533	false	closed	false	0		2016-06-24T17:36:24Z	2017-06-15T00:55:10Z	2017-06-15T00:55:10Z	invalid option --nolazy	79		
85	12488060	true	open	false			2016-06-25T02:24:28Z	2016-06-28T20:14:16Z		Fixed various bugs around Error object	111		
86	255273	false	closed	false	2		2016-06-28T21:09:30Z	2017-06-14T22:48:35Z	2017-06-14T22:48:35Z	Unable to query Azure DB from Windows 10 IoT Core	92		
87	11861955	true	open	false	0	0	2016-06-28T23:23:13Z	2016-06-28T23:23:13Z		win,node-gyp: work around __pfnDliNotifyHook2 type change	12		
88	12059066	true	closed	false	1	0	2016-06-30T18:22:23Z	2016-07-05T16:49:52Z	2016-07-05T16:49:52Z	Enable/Disable ES6 experimental features in chakracore using compile flags	52	12059066	2016-07-05T16:49:52Z
89	12488060	true	closed	false	2	15	2016-06-30T18:25:58Z	2016-07-05T16:27:27Z	2016-07-05T16:27:27Z	Sync to nodejs/master (06-30-2016) 	87	12488060	2016-07-05T16:27:27Z
90	8389594	false	closed	false	0		2016-07-01T18:50:12Z	2016-07-13T17:06:23Z	2016-07-13T17:06:23Z	Update BooleanObject::New signature in v8.h	28		
91	12488060	true	open	false	2		2016-07-05T17:42:50Z	2017-06-16T19:21:30Z		Added missing quotes in node.gyp	36		
92	11861955	false	closed	false	4		2016-07-05T20:35:53Z	2017-06-14T21:36:28Z	2017-06-14T21:36:28Z	node.gyp: hard coded include v8.h	12		
93	12488060	true	closed	false	1	3	2016-07-07T19:28:50Z	2016-07-13T17:06:23Z	2016-07-13T17:06:23Z	chakrashim: fix for nan compatibility	48	12488060	2016-07-13T17:06:23Z
94	11861955	true	open	false	2		2016-07-07T22:53:45Z	2016-07-12T16:51:09Z		chakrashim: a few refactors for clang	54		
95	12488060	false	open	false	0		2016-07-12T00:31:33Z	2016-07-12T00:31:33Z		Ensure chakrashim extracts information from right context	57		
96	12488060	true	open	false			2016-07-12T00:33:47Z	2016-07-13T22:03:58Z		Sync to nodejs/master (07-07-2016)	248		
97	12488060	false	open	false	0		2016-07-12T06:42:36Z	2016-07-12T06:42:36Z		SetEmbedderData doesn't pin the data	36		
98	12488060	true	closed	false	3	0	2016-07-16T08:48:50Z	2016-07-19T16:27:58Z	2016-07-19T16:27:58Z	Sync to nodejs/master (07-16-2016) 	36	12488060	2016-07-19T16:27:58Z
99	4390745	true	closed	false	1	0	2016-07-19T09:29:01Z	2016-07-19T17:10:31Z	2016-07-19T17:10:31Z	node.gyp: fix missing character	0		
100	11861955	true	closed	false	1	19	2016-07-22T23:21:04Z	2016-07-23T02:09:24Z	2016-07-23T02:09:24Z	xplat: sync to latest and fix bugs	28	11861955	2016-07-23T02:09:24Z
101	12488060	true	closed	false	2	19	2016-07-26T21:58:37Z	2016-07-28T20:52:13Z	2016-07-28T20:52:13Z	chakrashim: Improve AddLocal and Object::GetPropertyAttributes	116	12488060	2016-07-28T20:52:13Z
102	12488060	false	open	false	0		2016-07-26T23:29:20Z	2016-07-26T23:29:20Z		HandleScope is saving too many handles-r	36		
103	12488060	true	closed	false	11		2016-07-27T16:05:44Z	2016-08-01T17:38:53Z	2016-08-01T16:18:49Z	Sync to nodejs/master (07-27-2016) 	37		
104	7292680	false	closed	false	1		2016-07-28T01:19:23Z	2017-06-14T21:41:28Z	2017-06-14T21:41:28Z	add .MSIs for ARM	26		
105	1093990	false	closed	false	13		2016-07-29T12:00:46Z	2017-06-14T21:42:53Z	2017-06-14T21:42:53Z	Build Instructions for Linux / OS X?	17		
106	2352663	false	closed	false	6		2016-07-29T12:37:02Z	2016-08-11T02:58:58Z	2016-08-02T07:50:16Z	Unable to build on Fedora linux	134		
107	486324	false	open	false	1		2016-08-15T05:29:38Z	2016-08-18T00:52:05Z		React-native fails to run	73		
108	12488060	true	closed	false	2	0	2016-08-15T19:50:04Z	2016-08-17T21:15:14Z	2016-08-17T21:15:14Z	Sync to nodejs/master (08-15-2016)	163	12488060	2016-08-17T21:15:14Z
109	12488060	true	closed	false	2	0	2016-09-02T20:08:27Z	2016-09-06T16:06:06Z	2016-09-06T16:06:06Z	Updated chakracore to 1.3	37	12488060	2016-09-06T16:06:06Z
110	719722	false	closed	false	4		2016-09-06T12:01:33Z	2017-03-28T07:04:43Z	2017-03-28T07:04:43Z	Is NPM slower in Node Chakracore for Ubuntu?	108		
111	12488060	true	closed	false	2	3	2016-09-08T01:31:17Z	2016-09-09T19:11:18Z	2016-09-09T19:11:18Z	Sync to nodejs/master (09-06-2016)	56	12488060	2016-09-09T19:11:18Z
112	12488060	false	closed	false	1		2016-09-09T19:58:56Z	2016-09-09T21:00:12Z	2016-09-09T21:00:12Z	node-chakracore-7.0.0-pre9 release proposal	247		
113	12488060	true	open	false	0	0	2016-09-09T20:02:31Z	2016-09-09T20:02:31Z		2016-09-09, node-chakracore-7.0.0-pre9	8		
114	12488060	true	closed	false	2		2016-09-09T22:37:44Z	2017-06-16T22:05:49Z	2017-06-16T22:05:49Z	tools: Fixed update-changelog	35		
115	1898413	false	closed	false	6		2016-09-10T16:16:20Z	2016-09-15T15:23:13Z	2016-09-15T06:15:14Z	"pre9 ""Skipping the stack scan"""	41		
116	12488060	true	open	false	2		2016-09-13T06:23:13Z	2016-09-15T06:14:31Z		chakracore: Remove debugging trace	43		
117	4390745	true	closed	false	0	3	2016-09-14T15:16:42Z	2016-09-22T00:11:54Z	2016-09-22T00:11:54Z	osx: new platform for node-chakracore	40	4390745	2016-09-22T00:11:54Z
118	1898413	false	closed	false	12		2016-09-16T06:10:18Z	2016-10-07T17:42:23Z	2016-10-07T17:42:23Z	"eslint not working due to ""object shorthand"" syntax"	64		
119	4390745	false	closed	false	1		2016-09-19T20:16:04Z	2017-06-14T22:19:42Z	2017-06-14T22:19:42Z	Cleanup shared_ptr usage from chakrashim	23		
120	22372887	false	closed	false	9		2016-09-22T14:27:21Z	2017-06-14T21:47:58Z	2017-06-14T21:47:58Z	Undefined symbol loading an addon under Ubuntu 16.04.1 LTS	533		
121	1093990	false	closed	false	20		2016-09-23T21:36:36Z	2017-03-15T20:55:49Z	2017-03-15T20:55:49Z	Errors building on OS X 10.10.5	297		
122	4390745	true	open	false	3		2016-09-26T02:41:11Z	2016-09-26T23:30:03Z		chakrashim: Remove shared_ptr usage	23		
123	4390745	true	closed	false	5		2016-09-26T02:57:25Z	2016-09-27T14:04:55Z	2016-09-26T17:49:34Z	chakrashim: Fix xplat build inconsistencies	25		
124	4390745	true	open	false	1		2016-09-26T03:04:39Z	2016-09-26T17:49:56Z		chakrashim: OSX SDK 10.12 support	38		
125	4390745	true	open	false	2		2016-09-27T00:38:19Z	2016-10-03T07:28:19Z		chakrashim: Remove shared_ptr usage	23		
126	12059066	true	closed	false	2	68	2016-09-28T21:49:49Z	2016-10-18T21:21:38Z	2016-10-18T21:21:38Z	deps: chakrashim enable JavaScript debugging	108	12059066	2016-10-18T21:21:38Z
127	11070997	false	closed	false	4		2016-10-04T07:14:17Z	2017-06-14T21:48:30Z	2017-06-14T21:48:30Z	"""Cannot Execute"" error when using the prebuild node executable on WinCE with ARM processor"	69		
128	12488060	true	closed	false	3	0	2016-10-04T15:15:03Z	2016-10-05T20:22:35Z	2016-10-05T20:22:35Z	Chakracore 1.3 sync	36	12488060	2016-10-05T20:22:35Z
129	134460	true	closed	false	4		2016-10-07T12:59:53Z	2016-10-17T14:50:28Z	2016-10-17T14:50:28Z	ChakraCore CI support	174		
130	12488060	true	open	false	0		2016-10-07T15:23:21Z	2016-10-07T17:15:58Z		chakracore: Sync to latest chakracore 1.3	36		
131	7501201	false	open	false	0		2016-10-09T11:51:49Z	2016-10-09T13:20:49Z		Buffer's `new`.	54		
132	11149885	false	open	false	1		2016-10-12T07:53:05Z	2016-10-12T16:58:33Z		React tests failed with: FATAL ERROR: v8::FromJust: Maybe value is Nothing.	169		
133	1898413	false	open	false	1		2016-10-17T09:55:25Z	2016-10-17T17:00:56Z		Error: Internal Error on https.request().setTimeout()	81		
134	11149885	false	closed	false	6		2016-10-17T12:54:37Z	2017-03-06T15:41:46Z	2017-03-06T15:41:46Z	SyntaxError occures during benchmark run	73		
135	11861955	true	closed	false	3	7	2016-10-18T19:24:05Z	2016-10-19T00:33:54Z	2016-10-19T00:33:54Z	chakrashim: re-enable chakra-config	60	11861955	2016-10-19T00:33:54Z
136	1550766	false	open	false	3		2016-10-23T02:51:44Z	2016-11-01T21:41:36Z		npm install node-sass fails, so most react-based projects won't work	108		
137	12488060	true	closed	false	6	3	2016-10-26T00:23:40Z	2016-10-26T22:07:21Z	2016-10-26T22:07:21Z	Update xplat branch to latest chakracore	77	12488060	2016-10-26T22:07:20Z
138	17704638	true	closed	false	6		2016-11-07T09:17:33Z	2016-11-15T17:17:13Z	2016-11-15T17:17:13Z	build: add chakracore.dll to zipped package	41		
139	134460	true	closed	false	5		2016-11-14T18:32:54Z	2016-11-29T13:08:05Z	2016-11-29T13:08:05Z	build: disable MSI by default for ChakraCore	85		
140	12059066	true	closed	false	4	6	2016-11-15T22:41:38Z	2016-11-18T00:48:08Z	2016-11-18T00:48:08Z	Use new string xplat APIs	60	12059066	2016-11-18T00:48:08Z
141	134460	true	closed	false	2		2016-11-17T02:21:15Z	2016-11-17T18:36:35Z	2016-11-17T18:36:35Z	build: remove a pattern that only matched the MSI	57		
142	906649	true	closed	false	9	3	2016-11-19T00:06:38Z	2016-11-22T20:02:47Z	2016-11-22T20:02:47Z	Sync to nodemaster at 7420835 (Oct 4 2016)	35	12059066	2016-11-22T20:02:47Z
143	14864042	true	open	false	3		2016-11-22T23:56:19Z	2016-11-23T22:44:42Z		Merge of XPlat master and TTD Node branches.	9		
144	906649	true	closed	false	1	0	2016-11-23T03:25:30Z	2016-11-23T18:18:38Z	2016-11-23T18:18:38Z	build: fix node-v8 build after merge	17	906649	2016-11-23T18:18:38Z
145	134460	true	closed	false	2		2016-11-23T04:02:05Z	2016-11-28T00:35:54Z	2016-11-28T00:35:54Z	build: add ChakraCore SDK to packages	95		
146	906649	true	open	false	2		2016-11-24T02:03:59Z	2016-11-24T03:13:57Z		build: fix build on macos and fix crash on exit	23		
147	158390	true	open	false	5		2016-11-25T08:16:11Z	2016-11-26T00:18:39Z		Update to ChakraCore release/2.0-pre branch	48		
148	12057627	true	closed	false	5		2016-11-26T00:29:44Z	2016-11-29T01:47:09Z	2016-11-26T18:46:49Z	Updated for node-chakracore-7.0.0-pre10	0		
149	12057627	true	open	false	1		2016-11-26T20:16:33Z	2016-11-26T21:16:25Z		Update README.md	12		
150	18315	false	closed	false	5		2016-12-01T08:33:29Z	2017-03-06T23:44:23Z	2017-03-06T17:56:30Z	TypeError: Object doesn't support property or method 'ToString'	37		
151	134460	true	closed	false	3		2016-12-03T00:39:08Z	2016-12-13T15:59:40Z	2016-12-13T15:59:40Z	xplat: fixes for native modules	150		
152	12057627	false	closed	false	2		2016-12-05T19:18:04Z	2016-12-19T22:03:16Z	2016-12-19T22:03:16Z	Change the default branch x-plat	31		
153	8389594	false	open	false	7		2016-12-06T00:58:48Z	2017-03-29T06:55:23Z		Debugger problem with VS Code (request 'evaluate' was cancelled error)	32		
154	8389594	false	closed	false	5		2016-12-06T23:03:09Z	2017-01-03T23:58:39Z	2016-12-15T21:47:52Z	nan error when building native libraries	84		
155	8389594	false	open	false	0		2016-12-08T01:00:42Z	2016-12-08T01:00:42Z		sdk should include libs for arm/x86/x64	96		
156	739813	false	closed	false	8		2016-12-16T04:25:05Z	2017-02-24T00:48:37Z	2017-02-24T00:48:37Z	Cannot run on Ubuntu 16.04 LTS	127		
157	1303660	false	open	false	5		2016-12-17T19:44:10Z	2016-12-22T20:49:41Z		What does a replay look like?	98		
158	14864042	true	closed	false	0	1	2016-12-20T05:12:47Z	2016-12-20T23:40:17Z	2016-12-20T23:40:17Z	TTD -- Fix interaction with debugger in deps core.	53	12059066	2016-12-20T23:40:17Z
159	14864042	false	closed	false	5		2016-12-21T00:56:29Z	2017-03-31T01:52:16Z	2017-03-31T01:52:16Z	TTD -- flag compatibility check -TTBreakFirst flag only used with -TTDebug	38		
160	158390	true	closed	false	2	0	2016-12-28T20:08:35Z	2017-01-03T22:55:50Z	2017-01-03T22:55:50Z	Update chakracore-master	47	158390	2017-01-03T22:55:50Z
161	638477	false	closed	false	8		2016-12-29T19:27:20Z	2017-03-31T01:53:15Z	2017-03-31T01:53:15Z	Reverse debugging problems on RSDemo/simple Program on Linux w/ VSCode	246		
162	14864042	false	closed	false	0		2016-12-29T22:25:49Z	2017-03-31T01:51:19Z	2017-03-31T01:51:19Z	TTD -- ctrl-c does not cause log to be written	52		
163	1819888	false	closed	false	15		2017-01-04T07:20:00Z	2017-03-31T01:56:36Z	2017-03-31T01:56:36Z	FATAL ERROR when trying time traveling debugging on vscode	82		
164	367236	true	closed	false	10		2017-01-06T12:50:14Z	2017-02-22T12:13:20Z	2017-01-12T11:02:42Z	doc: update documentation for macOs	27		
165	906649	false	closed	false	6		2017-01-07T03:02:24Z	2017-01-13T21:55:25Z	2017-01-13T21:55:25Z	JSStream crash at shutdown AsyncWrap::~AsyncWrap accesses invalid Environment	160		
166	906649	true	closed	false	11	0	2017-01-10T00:25:22Z	2017-01-13T21:55:08Z	2017-01-13T21:55:08Z	Xplat merge	62	906649	2017-01-13T21:55:08Z
167	12488060	false	closed	false	1		2017-01-11T19:05:02Z	2017-02-02T18:55:50Z	2017-02-02T18:55:50Z	Make chakracore as default engine	22		
168	906649	false	closed	false	0		2017-01-13T01:22:07Z	2017-06-14T21:53:04Z	2017-06-14T21:53:04Z	v8::PropertyCallbackInfo::ShouldThrowOnError unsupported in chakrashim	26		
169	12488060	true	open	false			2017-01-21T01:14:08Z	2017-01-23T18:15:29Z		chakrashim: Fix result of GetOwnPropertyNames and GetPropertyNames	114		
170	1898413	false	open	false	0		2017-01-23T12:44:44Z	2017-01-23T12:44:44Z		this === global yields false in node-chakracore	31		
171	13093042	true	closed	false	4		2017-01-26T19:10:50Z	2017-01-26T20:03:59Z	2017-01-26T20:03:59Z	chakrashim: Fix SEH unwind context conditional	113		
172	4390745	true	open	false	1		2017-02-01T20:28:38Z	2017-02-02T18:55:20Z		configure: make ChakraCore default engine	26		
173	906649	true	closed	false	5	15	2017-02-10T02:20:03Z	2017-02-10T23:11:40Z	2017-02-10T23:11:39Z	Update to latest ChakraCore/master	23	906649	2017-02-10T23:11:39Z
174	739813	false	closed	false	2		2017-02-24T01:10:40Z	2017-03-14T11:38:48Z	2017-03-14T11:38:48Z	darwin missing from nightlies	16		
175	931192	false	closed	false	4		2017-02-25T00:44:51Z	2017-04-29T00:28:42Z	2017-04-29T00:28:42Z	JSLint errors	185		
176	12488060	false	open	false	0		2017-02-26T03:10:16Z	2017-06-14T21:54:50Z		node-bunyan unit test failure	55		
177	12488060	true	closed	false	4	0	2017-02-26T05:44:07Z	2017-02-28T01:40:03Z	2017-02-28T01:40:03Z	Merge nodejs/master 	34	12488060	2017-02-28T01:40:03Z
178	12488060	false	open	false	0		2017-02-27T18:21:50Z	2017-03-13T20:41:21Z		Consider using --embed-icu for nightlies	50		
179	367236	false	open	false	4		2017-02-28T09:16:32Z	2017-03-07T23:25:08Z		[Windows 10 IoT core] NodeJS cluster API	152		
180	14864042	true	open	false	5		2017-03-01T04:40:57Z	2017-03-08T19:01:12Z		Merge TTD updates (and updated core) into Xplat	68		
181	12488060	false	closed	false	0		2017-03-02T02:22:19Z	2017-03-10T22:42:14Z	2017-03-10T22:42:14Z	Explore options to use Node's ICU	24		
182	4390745	false	open	false	0		2017-03-02T13:56:58Z	2017-03-21T15:41:18Z		Build fails to recognize changes in deps/chakrashim/core and re-build	103		
183	12488060	true	closed	false	2		2017-03-09T00:56:51Z	2017-03-09T19:05:36Z	2017-03-09T18:36:30Z	Merge nodejs/master	31		
184	14864042	true	closed	false	4		2017-03-09T02:20:50Z	2017-03-16T17:45:46Z	2017-03-16T17:45:46Z	Revise & fix lint issues in trace_mgr.js	32		
185	12488060	true	closed	false	3	0	2017-03-10T02:11:21Z	2017-03-10T22:42:15Z	2017-03-10T22:42:14Z	Enable node-chakracore consume node's icu	56	12488060	2017-03-10T22:42:14Z
186	12488060	true	closed	false	4	0	2017-03-15T01:35:38Z	2017-03-15T22:19:22Z	2017-03-15T22:19:22Z	Merge nodejs/master as of 3/14/2017	47	12488060	2017-03-15T22:19:22Z
187	12488060	false	closed	false	0		2017-03-15T01:50:25Z	2017-03-24T05:15:09Z	2017-03-24T05:15:09Z	Enable test-util-format 	11		
188	12488060	false	open	false	0		2017-03-15T20:59:06Z	2017-03-15T20:59:06Z		Investigate unit test failures that are disabled	41		
189	12488060	false	open	false	0		2017-03-16T00:32:14Z	2017-03-16T00:32:14Z		Citgm compatibility of node-chakracore	139		
190	12488060	false	open	false	0		2017-03-16T18:21:31Z	2017-03-16T21:42:02Z		Add support for node-pre-gyp	99		
191	12488060	false	open	false	0		2017-03-16T18:22:24Z	2017-03-16T18:22:24Z		Compatibility with node-weak	22		
192	12488060	true	closed	false	1	3	2017-03-17T22:35:46Z	2017-03-20T17:28:18Z	2017-03-20T17:28:18Z	Merge nodejs/master	42	12488060	2017-03-20T17:28:17Z
193	12488060	false	closed	false	0		2017-03-20T19:30:50Z	2017-06-01T03:36:59Z	2017-06-01T03:36:59Z	Move all JsrtTTD APIs called under an if-check	103		
194	14864042	true	closed	false	2		2017-03-20T23:28:51Z	2017-03-22T03:39:34Z	2017-03-22T01:05:01Z	TTD workaround for fs_stats issue.	39		
195	134460	false	closed	false	0		2017-03-23T16:33:38Z	2017-03-24T11:51:12Z	2017-03-24T11:51:12Z	xplat build failing on Ubuntu 16.04	205		
196	12488060	false	closed	false	0		2017-03-23T16:39:24Z	2017-06-01T03:36:27Z	2017-06-01T03:36:27Z	Resolve lint errors	555		
197	12488060	true	open	false	1		2017-03-23T16:40:02Z	2017-03-23T20:51:19Z		chakracore: Update chakracore release/2.0	30		
198	12488060	true	closed	false	1	2	2017-03-23T21:15:48Z	2017-03-24T05:15:09Z	2017-03-24T05:15:09Z	Merge nodejs/master	35	12488060	2017-03-24T05:15:09Z
199	14864042	true	closed	false	3		2017-03-23T22:31:07Z	2017-03-24T12:13:25Z	2017-03-24T02:52:55Z	Fix for build break in PR #194.	34		
200	134460	false	closed	false	2		2017-03-24T12:11:22Z	2017-05-22T22:00:34Z	2017-05-22T22:00:34Z	Build failure with Microsoft Visual C++ Build Tools 2015	83		
201	1898413	false	open	false	0		2017-03-27T16:48:56Z	2017-03-27T17:30:19Z		anonymous function name behave differently from V8	53		
202	4157103	false	closed	false	1		2017-03-29T06:57:47Z	2017-05-22T22:12:03Z	2017-05-22T22:12:03Z	VSCode step in eval code	99		
203	12488060	true	closed	false	7	1	2017-03-29T23:41:01Z	2017-03-30T18:07:44Z	2017-03-30T18:07:44Z	nodejs/master merge	35	12488060	2017-03-30T18:07:44Z
204	1093990	false	open	false	6		2017-03-30T15:55:43Z	2017-06-14T22:16:01Z		Compile failure on OS X 10.10.5	83		
205	14864042	true	closed	false	2		2017-03-31T01:46:21Z	2017-03-31T22:39:40Z	2017-03-31T22:39:40Z	Fix cpplint warns and add TTD performance checks.	48		
206	931192	true	closed	false	6		2017-03-31T20:08:45Z	2017-04-01T19:24:02Z	2017-03-31T22:29:40Z	Merge nodejs/master into xplat	28		
207	1141869	true	closed	false	3		2017-04-03T21:45:39Z	2017-04-04T21:41:38Z	2017-04-04T21:41:38Z	Documentation: Fixing links in markdown	13		
208	367236	false	open	false	7		2017-04-04T19:22:11Z	2017-06-29T18:35:09Z		TTD Mac OS Sierra using Visual Studio Code	478		
209	931192	true	open	false	1		2017-04-04T19:22:50Z	2017-04-04T22:10:23Z		src: fixing Linux build issue	35		
210	931192	true	open	false	1		2017-04-04T22:51:45Z	2017-04-28T23:05:58Z		Inspector support for chakrashim	26		
211	1569843	true	closed	false	6		2017-04-12T01:26:40Z	2017-04-18T03:30:55Z	2017-04-18T03:30:55Z	Merge nodejs/master into xplat	29		
212	1128712	false	open	false	0		2017-04-13T09:57:55Z	2017-04-13T09:57:55Z		Enable es2015 modules feature	37		
213	1210641	false	open	false	4		2017-04-14T12:37:20Z	2017-06-21T16:43:38Z		libicuuc.so.55: cannot open shared object file: No such file or directory	124		
214	12057627	false	closed	false	0		2017-04-17T16:57:47Z	2017-04-17T17:30:43Z	2017-04-17T17:30:43Z	New contributors for Node-ChakraCore	26		
215	134460	true	closed	false	3	0	2017-04-17T18:42:42Z	2017-04-18T11:22:41Z	2017-04-18T11:22:41Z	chakrashim: enable building with Node ICU on Linux	62	134460	2017-04-18T11:22:41Z
216	134460	true	closed	false	1		2017-04-17T18:47:32Z	2017-04-18T11:08:29Z	2017-04-18T11:08:29Z	chakrashim: enable multicore build	53		
217	14098340	false	open	false	0		2017-04-17T20:49:51Z	2017-04-17T20:49:51Z		Node-v8 and node-chakracore behave differently to syntax errors in the REPL	121		
218	14864042	false	closed	false	3		2017-04-20T18:38:30Z	2017-06-01T03:32:56Z	2017-06-01T03:32:56Z	TTD replay-debug broken	97		
219	5614134	false	open	false	0		2017-04-21T01:53:55Z	2017-04-21T02:12:33Z		Integrating with nvm or nodenv?	58		
220	143631	false	closed	false	1		2017-04-21T08:41:14Z	2017-06-14T22:14:03Z	2017-06-14T22:14:03Z	WebAssembly not supported	15		
221	158390	false	closed	false	0		2017-04-21T20:09:05Z	2017-04-29T00:23:19Z	2017-04-29T00:23:19Z	Node-ChakraCore debugging is broken	33		
222	931192	true	closed	false	0	0	2017-04-21T23:00:57Z	2017-04-25T00:12:02Z	2017-04-25T00:12:02Z	test: fixing jslint error	34	931192	2017-04-25T00:12:02Z
223	1898413	false	open	false	3		2017-04-23T06:17:51Z	2017-05-02T04:01:47Z		`!1 * (a &= -1)` behaves differently from `a &= -1`	240		
224	931192	true	open	false	2		2017-04-25T23:12:39Z	2017-04-26T17:14:58Z		chakrashim: Updated ChakraCore to release/2.0	29		
225	931192	false	closed	false	0		2017-04-29T00:24:45Z	2017-05-19T22:51:16Z	2017-05-19T22:51:16Z	Remove deprecated debugger code	17		
226	931192	false	closed	false	0		2017-04-29T00:25:56Z	2017-05-19T01:26:34Z	2017-05-19T01:26:34Z	Handle UTF-8/UTF-16 conversion for inspector	36		
227	931192	false	open	false	0		2017-04-29T00:26:42Z	2017-04-29T00:26:42Z		Enable and fix the inspector tests	12		
228	931192	false	closed	false	0		2017-04-29T00:27:17Z	2017-05-18T23:35:25Z	2017-05-18T23:35:25Z	Add TTD support to inspector	11		
229	1642635	false	open	false	1		2017-04-30T00:50:58Z	2017-06-14T22:15:58Z		Crashes when trying to run node-chakracore Ubuntu Xenial	2203		
230	931192	true	open	false	1		2017-05-02T00:57:41Z	2017-05-02T01:17:59Z		inspector: fixing lambda call frames	58		
231	14864042	true	open	false	2		2017-05-02T06:15:32Z	2017-05-05T00:11:43Z		Reverse continue fix and updates for TTD info tracking.	37		
232	931192	true	open	false	1		2017-05-02T18:11:45Z	2017-05-02T20:50:47Z		chakrashim: Updated ChakraCore to release/2.0	29		
233	134460	true	closed	false	8	4	2017-05-02T18:17:47Z	2017-05-10T18:50:10Z	2017-05-10T18:50:10Z	test: fixes for multiplatform ChakraCore CI	218	134460	2017-05-10T18:50:10Z
234	8071692	false	open	false	0		2017-05-04T01:03:25Z	2017-05-04T08:43:39Z		asm.js and WebAssembly support	57		
235	931192	true	closed	false	2	0	2017-05-04T18:41:47Z	2017-05-04T23:55:53Z	2017-05-04T23:55:53Z	Merge 'xplat' into xplat-v8.x	58	931192	2017-05-04T23:55:53Z
236	12488060	true	closed	false	3	0	2017-05-04T21:20:57Z	2017-05-05T00:22:43Z	2017-05-05T00:22:43Z	Merge nodejs/master to xplat	134	12488060	2017-05-05T00:22:43Z
237	931192	false	open	false	0		2017-05-08T18:00:55Z	2017-05-08T18:02:31Z		Buffer.unsafeAlloc() still zero-fills	119		
238	13093042	true	closed	false	9	12	2017-05-08T19:42:36Z	2017-05-15T20:30:55Z	2017-05-15T20:30:55Z	Merge N-API JSRT implementation from abi-stable-node	258	931192	2017-05-15T20:30:55Z
239	931192	true	open	false	1		2017-05-08T22:37:58Z	2017-05-08T23:04:43Z		chakrashim,lib,test: fixing build/test issues	44		
240	12488060	false	closed	false	0		2017-05-10T17:15:53Z	2017-06-14T22:16:37Z	2017-06-14T22:16:37Z	No windows ARM nightly builds	50		
241	931192	true	closed	false	4	6	2017-05-10T22:55:36Z	2017-05-12T00:42:09Z	2017-05-12T00:42:08Z	chakrashim: relocate inspector code	49	931192	2017-05-12T00:42:08Z
242	23497626	false	open	false	0		2017-05-11T02:26:13Z	2017-05-19T00:03:48Z		"When install package ""sync"", there is an error that the associated package ""fibers"" can't be installed"	521		
243	931192	true	closed	false	1	0	2017-05-12T23:16:43Z	2017-05-13T05:46:13Z	2017-05-13T05:46:13Z	chakrashim: Updated ChakraCore to release/2.0	29	931192	2017-05-13T05:46:13Z
244	931192	true	closed	false	4	20	2017-05-15T21:32:32Z	2017-05-17T20:33:39Z	2017-05-17T20:33:39Z	inspector: enable TimeTravel support	26	931192	2017-05-17T20:33:39Z
245	12488060	true	open	false	8		2017-05-16T21:16:17Z	2017-05-18T00:21:58Z		Merge nodejs/node master	115		
246	12488060	false	closed	false	4		2017-05-17T20:48:13Z	2017-06-15T02:28:25Z	2017-06-15T02:28:25Z	Latest test-addon-napi test failing with node-chakracore	28		
247	931192	true	open	false			2017-05-17T23:47:01Z	2017-05-19T01:03:14Z		Enable inspector tests for ChakraCore	33		
248	4390745	true	closed	false	4	0	2017-05-18T15:07:38Z	2017-06-05T20:41:53Z	2017-06-05T20:41:53Z	chakrashim: enable IdleGC on cross platform	6		
249	13093042	true	closed	false	3	0	2017-05-18T19:26:17Z	2017-05-18T23:08:03Z	2017-05-18T23:08:03Z	n-api: Fix test-addons-napi failures	66	13093042	2017-05-18T23:08:03Z
250	931192	true	closed	false	2	2	2017-05-19T18:40:12Z	2017-05-19T22:51:16Z	2017-05-19T22:51:16Z	chakrashim: clean up legacy debugger code	40	931192	2017-05-19T22:51:16Z
251	1898413	false	closed	false	6		2017-05-21T06:57:13Z	2017-06-03T03:57:53Z	2017-06-03T03:57:53Z	npm does not work in latest nightly	37		
252	14864042	true	closed	false	1	3	2017-05-21T22:06:50Z	2017-06-05T20:41:53Z	2017-06-05T20:41:53Z	Update TTD for locations where AsyncHooks passes hidden state.	26		
253	931192	true	open	false	0		2017-05-22T18:48:58Z	2017-05-23T20:34:58Z		build: fixing lint issues	62		
254	931192	true	open	false	1		2017-05-22T21:48:04Z	2017-05-22T22:02:44Z		chakrashim: update ChakraCore to release/1.5	29		
255	931192	false	closed	false	1		2017-05-22T22:11:17Z	2017-07-25T19:02:19Z	2017-07-25T19:02:19Z	inspector: Eval code is missing source	36		
256	4157103	false	open	false	0		2017-05-22T22:43:42Z	2017-05-22T22:43:42Z		Nightly Arm Binaries	92		
257	931192	false	open	false	2		2017-05-22T23:55:13Z	2017-06-07T22:58:10Z		test: UT failure - parallel/test-vm-sigint	80		
258	931192	true	closed	false	1	0	2017-05-23T02:24:36Z	2017-05-23T20:57:59Z	2017-05-23T20:57:58Z	Merging upstream v8.x into xplat-v8.x	56	931192	2017-05-23T20:57:58Z
259	13093042	true	closed	false	2	0	2017-05-23T17:21:38Z	2017-05-25T04:32:32Z	2017-05-25T04:32:32Z	n-api: Fix TypedAarray info for ArrayBuffer offset	59		
260	931192	true	closed	false	2		2017-05-23T18:14:36Z	2017-05-24T00:00:24Z	2017-05-24T00:00:24Z	chakrashim: Updated ChakraCore to release/1.5	29		
261	931192	true	closed	false	3	13	2017-05-24T01:18:43Z	2017-05-26T16:25:41Z	2017-05-26T16:25:41Z	chakrashim: check return value for inspector call	41	931192	2017-05-26T16:25:41Z
262	931192	true	closed	false	3	0	2017-05-25T00:00:00Z	2017-05-25T22:32:22Z	2017-05-25T22:32:22Z	build: restore intl check for inspector	63	931192	2017-05-25T22:32:22Z
263	14098340	true	closed	false	1	14	2017-05-25T16:24:58Z	2017-06-05T20:41:53Z	2017-06-05T20:41:53Z	chakrashim: Implementing v8::Message	47		
264	12488060	true	closed	false	7	0	2017-05-25T18:44:29Z	2017-05-25T22:19:41Z	2017-05-25T22:19:41Z	Merge nodejs/node master	47	12488060	2017-05-25T22:19:41Z
265	931192	true	closed	false	10	8	2017-05-26T05:40:52Z	2017-05-28T02:02:28Z	2017-05-28T02:02:28Z	build: fix ARM build	76	931192	2017-05-28T02:02:28Z
266	931192	false	open	false	0		2017-05-26T22:04:40Z	2017-05-29T18:45:13Z		inspector: TTD Reverse not hitting breakpoints	89		
267	931192	false	open	false	2		2017-05-26T22:08:06Z	2017-06-02T23:49:31Z		inspector: TTD hangs node, can't exit	38		
268	931192	false	open	false	0		2017-05-26T22:10:37Z	2017-05-26T22:10:37Z		build: ARM build needs to use x86 tools	44		
269	13093042	true	closed	false	4	1	2017-05-27T00:23:57Z	2017-06-02T06:26:29Z	2017-06-02T06:26:28Z	n-api: enable napi_wrap() to work with any object	177		
270	134460	true	closed	false	1	2	2017-05-28T22:45:43Z	2017-06-05T20:41:53Z	2017-06-05T20:41:53Z	deps: pass Windows SDK version to ChakraCore	48		
271	931192	true	closed	false	0	0	2017-05-30T22:16:42Z	2017-05-30T23:02:35Z	2017-05-30T23:02:35Z	chakrashim: updated changelog	20	931192	2017-05-30T23:02:35Z
272	931192	false	open	false	0		2017-05-30T23:18:53Z	2017-05-30T23:18:53Z		node-chakracore-8.0.0-pre3 release proposal	653		
273	14864042	false	closed	false	1		2017-05-31T04:39:59Z	2017-06-05T23:36:38Z	2017-06-05T23:36:38Z	TTD: allow record to be started via environment variable	53		
274	12488060	true	closed	false	3	1	2017-05-31T18:38:32Z	2017-05-31T21:40:12Z	2017-05-31T21:40:12Z	Merge nodejs/master	42	12488060	2017-05-31T21:40:12Z
275	12488060	false	closed	false	5		2017-05-31T18:48:48Z	2017-06-05T20:42:54Z	2017-06-05T20:42:54Z	Nomenclature of branches in node-chakracore	143		
276	14098340	true	closed	false	3		2017-05-31T21:48:06Z	2017-06-01T00:50:03Z	2017-05-31T22:18:37Z	build: updating vcbuild.bat to report errorlevel	41		
277	931192	true	closed	false	2	0	2017-05-31T22:17:19Z	2017-06-01T00:43:00Z	2017-06-01T00:43:00Z	Get xplat-v8.x up-to-date with upstream and xplat	78	931192	2017-06-01T00:42:59Z
278	931192	false	open	false	0		2017-05-31T22:50:02Z	2017-05-31T22:50:02Z		sequential/test-benchmark-net failing on Ubuntu 14.04	31		
279	14864042	false	open	false	1		2017-06-01T03:26:44Z	2017-06-05T22:31:00Z		TTD: Emit on SIGINT not working	57		
280	14864042	false	closed	false	0		2017-06-01T03:28:33Z	2017-06-02T01:29:21Z	2017-06-02T01:29:21Z	"inspector: In VSCode undefined values are shown as ""null"" in watch."	20		
281	5490484	false	open	false	4		2017-06-01T14:34:04Z	2017-06-14T22:26:24Z		new Date().toLocaleDateString() invalid result	61		
282	931192	true	closed	false	3	0	2017-06-01T17:50:39Z	2017-06-01T20:36:57Z	2017-06-01T20:36:57Z	Merge nodejs/master into xplat	26	931192	2017-06-01T20:36:57Z
283	931192	true	closed	false	5	0	2017-06-01T22:27:03Z	2017-06-01T23:36:23Z	2017-06-01T23:36:23Z	Merge nodejs/master into xplat	25	931192	2017-06-01T23:36:23Z
284	931192	true	closed	false	1	0	2017-06-02T00:25:22Z	2017-06-02T01:29:22Z	2017-06-02T01:29:21Z	chakrashim: fix undefined values in inspector	55	931192	2017-06-02T01:29:21Z
285	931192	true	closed	false	1	4	2017-06-02T18:56:53Z	2017-06-05T23:36:38Z	2017-06-05T23:36:38Z	lib,src: enable TTD record with env variable	72	931192	2017-06-05T23:36:38Z
286	931192	true	closed	false	1	0	2017-06-05T21:38:22Z	2017-06-05T23:21:19Z	2017-06-05T23:21:19Z	Cherry-picking changes from master into v8.x	20	931192	2017-06-05T23:21:19Z
287	931192	true	open	false	3		2017-06-05T23:38:31Z	2017-06-07T21:19:03Z		chakrashim: cleanup inspector code	46		
288	931192	true	closed	false	1	0	2017-06-07T20:19:49Z	2017-06-07T21:41:21Z	2017-06-07T21:41:20Z	test: disable N-API test	33	931192	2017-06-07T21:41:20Z
289	14098340	true	closed	false	3	0	2017-06-07T22:10:29Z	2017-06-08T22:30:07Z	2017-06-08T22:30:07Z	chakrashim: Implementing v8::Message	47	14098340	2017-06-08T22:30:07Z
290	12488060	true	closed	false	1	0	2017-06-07T23:14:37Z	2017-06-08T01:40:05Z	2017-06-08T01:40:05Z	Merge nodejs/master	31	12488060	2017-06-08T01:40:05Z
291	134460	true	closed	false	2		2017-06-08T00:33:07Z	2017-06-13T13:39:15Z	2017-06-13T13:39:14Z	build: move SDK detection to npm-cli.js	77		
292	931192	false	open	false	0		2017-06-12T20:31:00Z	2017-07-12T23:27:33Z		Investigate new inspector test failure	139		
293	12488060	true	closed	false	1	0	2017-06-12T20:32:03Z	2017-06-12T22:09:53Z	2017-06-12T22:09:53Z	Merge nodejs/master	42	12488060	2017-06-12T22:09:53Z
294	12488060	false	open	false	0		2017-06-12T20:32:42Z	2017-06-12T20:32:42Z		Investigate test-inspector-break-when-eval failure	15		
295	931192	true	open	false	2		2017-06-12T22:42:20Z	2017-06-12T23:23:56Z		Merge v8.1.0 into v8.x branch	26		
296	931192	true	open	false	0	0	2017-06-13T00:25:13Z	2017-06-13T00:25:13Z		Cherry-pick feature changes into v8.x	28		
297	6326007	false	open	false	6		2017-06-13T15:36:02Z	2017-07-12T14:17:56Z		./configure --xcode not working	217		
298	931192	true	closed	false	2	0	2017-06-13T17:44:29Z	2017-06-13T21:36:07Z	2017-06-13T21:36:07Z	chakrashim: fix debug build failure	32	931192	2017-06-13T21:36:07Z
299	931192	true	closed	false	1	0	2017-06-14T00:06:22Z	2017-06-14T01:23:58Z	2017-06-14T01:23:58Z	Merge v8.1.1 into v8.x	25	931192	2017-06-14T01:23:58Z
300	158390	true	closed	false	2	0	2017-06-14T09:07:08Z	2017-06-19T08:47:49Z	2017-06-19T08:47:49Z	build: chakracore build improvements	43		
301	931192	true	closed	false	2	0	2017-06-15T00:40:57Z	2017-06-15T02:28:25Z	2017-06-15T02:28:25Z	test: enable addons-napi/test_reference	32	931192	2017-06-15T02:28:25Z
302	14098340	true	closed	false	0	0	2017-06-15T15:18:02Z	2017-06-15T17:46:25Z	2017-06-15T17:46:25Z	test: mark sequential/test-benchmark-child-process as flaky	54	14098340	2017-06-15T17:46:25Z
303	931192	true	open	false	2		2017-06-15T18:54:48Z	2017-06-15T21:41:01Z		Cherry-pick master changes into v8.x	31		
304	931192	true	closed	false	0	0	2017-06-15T22:05:30Z	2017-06-16T00:45:29Z	2017-06-16T00:45:29Z	Merge ChakraCore v1.5.2 changes into v8.x branch	25	931192	2017-06-16T00:45:29Z
305	931192	true	open	false	3		2017-06-16T00:55:25Z	2017-06-16T04:38:14Z		Merging v8.1.2 into v8.x	49		
306	12488060	false	closed	false	1		2017-06-16T03:17:59Z	2017-06-16T19:05:53Z	2017-06-16T19:05:53Z	Investigate test-inspector-exception failure	21		
307	931192	true	closed	false	1	0	2017-06-16T04:45:58Z	2017-06-16T19:05:52Z	2017-06-16T19:05:52Z	test: fixing inspector test break	38	931192	2017-06-16T19:05:52Z
308	931192	true	closed	false	2	0	2017-06-17T01:47:10Z	2017-06-19T18:14:03Z	2017-06-19T18:14:03Z	chakrashim: more update-changelog fixes	40	931192	2017-06-19T18:14:03Z
309	931192	true	closed	false	0	0	2017-06-17T01:59:22Z	2017-06-19T18:17:06Z	2017-06-19T18:17:06Z	chakrashim: fix changelog using script update	48	931192	2017-06-19T18:17:06Z
310	931192	true	closed	false	0	0	2017-06-17T02:03:21Z	2017-06-19T23:12:22Z	2017-06-19T23:12:22Z	chakrashim: update changelog for 8.1.2-pre	38	931192	2017-06-19T23:12:22Z
311	7136681	false	open	false	0		2017-06-19T08:18:00Z	2017-06-19T16:44:39Z		A Question regarding HandleScope imlementation	130		
312	931192	false	closed	false	1		2017-06-19T18:08:40Z	2017-06-19T23:42:59Z	2017-06-19T23:42:59Z	node-chakracore-8.1.2-pre release proposal	862		
313	1569843	true	closed	false	11	30	2017-06-20T02:33:25Z	2017-06-23T01:23:02Z	2017-06-23T01:23:02Z	chakrashim: add JSON methods	73	1569843	2017-06-23T01:23:02Z
314	931192	true	closed	false	1		2017-06-26T17:49:48Z	2017-06-26T18:44:12Z	2017-06-26T18:44:12Z	chakrashim: add shim for JSON methods	86		
315	931192	true	closed	false	2	0	2017-06-26T18:43:39Z	2017-06-26T21:03:36Z	2017-06-26T21:03:36Z	Update v8.x branch with master changes	51	931192	2017-06-26T21:03:36Z
316	931192	true	closed	false	0	0	2017-06-27T19:14:29Z	2017-06-27T20:12:23Z	2017-06-27T20:12:23Z	chakrashim: update changelog for 8.1.2-pre2	14	931192	2017-06-27T20:12:23Z
317	931192	false	closed	false	1		2017-06-27T20:11:27Z	2017-06-27T21:30:24Z	2017-06-27T21:30:24Z	node-chakracore-8.1.2-pre2 release proposal	68		
318	931192	true	open	false	0		2017-06-28T17:55:46Z	2017-06-28T20:31:50Z		doc: update readme to use the master branch	21		
319	931192	true	open	false	1		2017-06-28T21:00:29Z	2017-06-28T22:22:13Z		doc: fix broken markdown link	21		
320	12488060	false	open	false	0		2017-06-28T21:43:06Z	2017-06-28T21:43:06Z		Add documentation around chakracore traces	38		
321	12488060	true	open	false			2017-06-29T01:28:04Z	2017-06-29T18:46:13Z		Merge nodejs/master	32		
322	14864042	false	open	false	0		2017-06-30T04:53:50Z	2017-06-30T04:53:50Z		TTD - Document trace_mgr options including custom trace directory setting	271		
323	14864042	true	closed	false	0		2017-07-02T04:11:56Z	2017-07-02T22:56:02Z	2017-07-02T22:56:02Z	Add missing TTD hooks for async_hooks and update for zlib change (##13322)	40		
324	13093042	false	closed	false	5		2017-07-03T05:47:47Z	2017-07-09T07:57:13Z	2017-07-09T07:57:13Z	Publish Node-ChakraCore release builds on nodejs.org	145		
325	12488060	true	closed	false	0	0	2017-07-04T00:21:56Z	2017-07-06T01:23:07Z	2017-07-06T01:23:06Z	Merge nodejs/master	37	12488060	2017-07-06T01:23:06Z
326	931192	true	closed	false	2	0	2017-07-06T00:20:08Z	2017-07-07T00:39:54Z	2017-07-07T00:39:54Z	Merge upstream tag v8.1.3 into the v8.x branch	26	931192	2017-07-07T00:39:54Z
327	931192	true	closed	false	6	2	2017-07-06T00:44:07Z	2017-07-10T22:19:55Z	2017-07-10T22:19:55Z	src: TTD fixes with async-wrap and zlib	48	931192	2017-07-10T22:19:55Z
328	4390745	true	closed	false			2017-07-06T15:01:25Z	2017-07-14T22:38:10Z	2017-07-14T21:35:22Z	chakrashim: enable IdleGC on cross platform	17		2017-07-14T21:35:22Z
329	931192	true	open	false	3		2017-07-06T18:45:18Z	2017-07-06T21:12:54Z		Merge fe730d3 as of 2017-07-03	25		
330	931192	true	closed	false	10		2017-07-06T22:31:18Z	2017-07-10T17:32:55Z	2017-07-06T23:10:54Z	build: split up cpplint to avoid long cmd lines	49		
331	12488060	false	open	false	1		2017-07-09T08:01:25Z	2017-07-11T01:10:22Z		Implement hasOwnProperty for napi-addons	83		
332	1820503	false	open	false	6		2017-07-09T19:23:18Z	2017-07-11T17:40:51Z		The nodejs/chakra bundle does not work with Ubuntu on Windows.	154		
333	1820503	false	open	false	0		2017-07-09T19:45:46Z	2017-07-09T19:45:46Z		Object keys should never sort dependent on if the qualifier has a numerical value.	60		
334	931192	true	closed	false	1	0	2017-07-11T15:33:39Z	2017-07-12T20:42:13Z	2017-07-12T20:42:13Z	src: TTD fixes with async-wrap	35	931192	2017-07-12T20:42:13Z
335	12488060	true	closed	false	10	0	2017-07-12T21:34:04Z	2017-07-19T01:00:07Z	2017-07-19T01:00:07Z	Update chakracore to 1.7	29	931192	2017-07-19T01:00:07Z
336	931192	true	open	false	0		2017-07-13T21:59:27Z	2017-07-13T22:15:46Z		Merge f52c707 as of 2017-07-12	31		
337	931192	true	closed	false	0	0	2017-07-14T19:36:03Z	2017-07-14T21:09:44Z	2017-07-14T21:09:44Z	chakrashim: update changelog for v8.1.4 release	14	931192	2017-07-14T21:09:44Z
338	4390745	false	closed	false	1		2017-07-14T21:42:55Z	2017-07-14T22:38:53Z	2017-07-14T22:38:53Z	chakrashim: do we really need time.cpp?	2		
339	931192	true	open	false	1		2017-07-17T01:30:22Z	2017-07-17T02:54:21Z		Merge 016d81c as of 2017-07-14	33		
340	931192	true	closed	false	2	0	2017-07-17T23:59:43Z	2017-07-18T19:24:14Z	2017-07-18T19:24:14Z	chakrashim: fixing cpplint errors	25	931192	2017-07-18T19:24:14Z
341	14098340	true	closed	false	10	4	2017-07-18T00:24:18Z	2017-07-19T17:30:23Z	2017-07-19T17:30:23Z	Adding LTO support to configure script	70	14098340	2017-07-19T17:30:23Z
342	931192	true	closed	false	1	0	2017-07-19T01:13:17Z	2017-07-19T17:58:33Z	2017-07-19T17:58:33Z	Use JsHasOwnProperty instead of shims	37	931192	2017-07-19T17:58:33Z
343	931192	true	closed	false	3	0	2017-07-19T21:06:52Z	2017-07-20T03:47:26Z	2017-07-20T03:47:26Z	Cherry-pick release/1.7 and LTO changes into v8.x	27	931192	2017-07-20T03:47:26Z
344	14098340	true	closed	false	4	0	2017-07-24T21:01:58Z	2017-07-25T00:41:32Z	2017-07-25T00:41:31Z	chakrashim: using new jsrt JsCopyStringOneByte interface	74	931192	2017-07-25T00:41:31Z
345	12488060	true	open	false	0		2017-07-24T22:23:28Z	2017-07-25T00:49:00Z		chakrashim: Avoid calling JsCopyString twice to find length	68		
346	931192	true	closed	false	0		2017-07-24T23:26:11Z	2017-07-25T00:37:47Z	2017-07-25T00:37:47Z	Merge 8979b4f as of 2017-07-22	26		
347	931192	true	closed	false	4	0	2017-07-25T21:01:54Z	2017-07-25T22:11:31Z	2017-07-25T22:11:31Z	chakrashim: fixing lint issue	32	931192	2017-07-25T22:11:31Z
348	12488060	true	open	false			2017-07-28T00:51:45Z	2017-07-31T21:03:00Z		optimize StringUtf8::From	39		
349	12488060	true	closed	false	7	0	2017-07-28T18:39:09Z	2017-07-28T20:49:15Z	2017-07-28T20:49:15Z	fix build break from JsCopyString	33	12488060	2017-07-28T20:49:15Z
350	931192	false	closed	false	0		2017-07-31T15:52:14Z	2017-08-01T21:53:33Z	2017-08-01T21:53:33Z	Implement N-API DataView APIs	12		
351	931192	true	closed	false	2	0	2017-07-31T23:53:39Z	2017-08-01T21:53:33Z	2017-08-01T21:53:33Z	n-api: implement DataView APIs for ChakraCore	63	931192	2017-08-01T21:53:33Z
352	14098340	true	open	false	0	0	2017-08-01T18:21:32Z	2017-08-01T18:21:32Z		build: fix build break when omitting icu	25		
353	931192	false	open	false	0		2017-08-01T23:09:34Z	2017-08-01T23:09:34Z		Cache napi_env per runtime	60		
354	14881219	false	open	false	0		2017-08-02T17:56:32Z	2017-08-02T17:56:32Z		Node-chakracore V8 build break on Ubuntu 16.04	161		
355	12488060	true	open	false	0	0	2017-08-02T22:27:47Z	2017-08-02T22:27:47Z		Fixv8break	63		
